4,466
4,3504
4,1896
4,1895
4,3212
4,299
4,1860
4,975
4,3506
4,4035
4,1464
4,2901
4,319
4,532
4,3236
4,2672
4,3507
4,2385
4,2225
4,1314
4,2641
4,2759
4,984
4,790
4,495
4,3508
4,2765
4,163
4,1267
4,298
4,519
4,159
4,463
4,1885
4,2368
4,2388
4,3233
4,4740
4,54
4,2899
4,4044
4,3499
4,2389
4,500
4,3513
4,486
4,276
4,1007
4,2238
4,492
4,826
4,825
4,3517
4,3231
4,1640
4,470
4,1875
4,1256
4,2773
4,3232
4,2391
4,1805
4,1415
4,181
4,2776
4,3514
4,272
4,2393
4,2515
4,4034
4,2646
4,287
4,4037
4,513
4,2903
4,2905
4,1627
4,1887
4,1266
4,2780
4,4056
4,2582
4,1867
4,514
4,993
4,1828
4,2779
4,2395
4,169
4,275
4,459
4,3494
4,4867
4,2782
4,1410
4,186
4,1448
4,1271
4,2968
4,4868
4,256
4,960
4,481
4,4045
4,2785
4,4046
4,3464
4,490
4,496
4,1792
4,4048
4,2396
4,2909
4,1276
4,4051
4,4053
4,4069
4,480
4,2655
4,1629
4,1628
4,3459
4,160
4,1909
4,4057
4,1245
4,179
4,2908
4,540
4,768
4,2644
4,2783
4,517
4,4062
4,524
4,812
4,549
4,300
4,2657
4,2014
4,1339
4,2907
4,1277
4,1985
4,552
4,516
4,62
4,4864
4,142
4,140
4,462
4,2661
4,4068
4,992
4,2577
4,2961
4,2239
4,1274
4,477
4,1006
4,2664
4,2183
4,2184
4,151
4,4074
4,1461
4,1001
4,547
4,4081
4,1257
4,4083
4,1294
4,2784
4,4084
4,4085
4,818
4,2006
4,2788
4,556
4,1263
4,536
4,2497
4,2433
4,4087
4,4089
4,2912
4,483
4,1217
4,2953
4,5568
4,2658
4,4899
4,2910
4,4093
4,2911
4,4094
4,4088
4,3484
4,4095
4,4072
4,3474
4,4865
4,131
4,4882
4,4871
4,2969
4,2530
4,2466
4,4872
4,2883
4,4873
4,4902
4,3234
4,2667
4,571
4,3336
4,1459
4,2527
4,2463
4,796
4,4879
4,4880
4,2216
4,4881
4,2220
4,1998
4,2629
4,2597
4,4887
4,4892
4,4888
4,2235
4,563
4,277
4,4063
4,4891
4,542
4,2190
4,1292
4,4893
4,4082
4,3479
4,264
4,1225
4,4898
4,3219
4,2185
4,282
4,1287
4,2232
4,2213
4,2236
4,3229
4,2562
4,2790
4,527
4,2011
4,2598
4,2591
4,5685
4,2627
4,2949
4,4908
4,3352
4,4907
4,5684
4,5683
4,5682
4,4906
4,5681
4,2189
4,1846
4,2211
4,1840
4,5680
4,4905
4,5679
4,1845
4,1838
4,5678
4,5677
4,3670
4,3666
4,5676
4,5675
4,5674
4,4904
4,4903
4,2224
4,5673
4,2520
4,2202
4,5672
4,166
4,5671
4,4901
4,2301
4,4900
4,5670
4,565
4,5669
4,5668
4,5667
4,2214
4,5666
4,2210
4,5665
4,5664
4,5663
4,2024
4,5662
4,2004
4,5661
4,3456
4,5660
4,4897
4,5659
4,4113
4,4112
4,2222
4,2178
4,4896
4,5658
4,303
4,4092
4,5657
4,1273
4,5656
4,1224
4294967279,338
4,5655
4,4895
4,5654
4,1222
4,5653
4,1219
4,5652
4,5651
4,5650
4,5649
4,5648
4,5647
4,2023
4,5646
4,4894
4,5645
4,5644
4,5643
4,2010
4,4875
4,5642
4,2982
4,2981
4,5641
4,5640
4,5639
4,5638
4,978
4,4554
4,4553
4,5637
4,5636
4,5635
4,4890
4,4889
4,5634
4,61
4,568
4,5633
4,3171
4,804
4,5632
4,5567
4,5566
4,5565
4,2199
4,5564
4,5563
4,5562
4,5561
4,1810
4,5560
4,3170
4,5559
4,5558
4,3470
4,5557
4,5556
4,5555
4,5554
4,5553
4,1216
4,5552
4,5551
4,5550
4294967279,337
4294967279,336
4,5549
4,3169
4,3167
4,4886
4,5548
4,5547
4,5546
4,5545
4,2400
4,5544
4,4885
4,5543
4,5542
4,5541
4,5540
4,5539
4,5538
4,5537
4,4884
4,5536
4,2671
4,5535
4,5534
4,5533
4,281
4,5532
4,5531
4,2022
4,5530
4,5529
4,5528
4,4883
4,3351
4,3348
4,2217
4,5527
4,2670
4,5526
4,5525
4,523
4,5524
4,3168
4,4111
4,5523
4,157
4,1601
4,5522
4294967279,335
4,5521
4,5520
4,1844
4,1839
4,5519
4,5518
4,5517
4,5516
4,5515
4,5514
4,5513
4,5512
4,2669
4,5511
4,5510
4,5509
4,4878
4,5508
4,1902
4,3350
4,5507
4,3349
4,5506
4,5505
4,5504
4,5439
4,5438
4,5437
4,4877
4,564
4,5436
4,5435
4,5440
4,5434
4,4876
4,2789
4,5433
4,2207
4,5432
4,2979
4,2752
4,5431
4,5430
4,561
4,5429
4,5428
4,5427
4,5426
4,1471
4,5425
4,5424
4,5423
4,5422
4,4552
4,5421
4,5420
4,5419
4,4874
4,2668
4,575
4,5418
4,5417
4,188
4,5416
4,5415
4,5414
4,5413
4,5412
4,2635
4,1470
4,1457
4,5411
4,5410
4,5409
4,5408
4,2221
4,5407
4,3166
4,5406
4,2596
4,4739
4,5405
4,4738
4,5404
4,5403
4,557
4,2228
4,5402
4,5401
4,5400
4,5399
4,3669
4,2915
4,3656
4,5398
4,5397
4,5396
4,5395
4,2914
4,5394
4,5393
4,5392
4,5391
4,2223
4,5390
4,5389
4,4870
4,5388
4,5387
4,5386
4,4110
4,5385
4,5384
4,3668
4,3663
4,5383
4,5382
4,1469
4,5381
4294967279,334
4,4869
4,5380
4,2980
4,5379
4,1446
4,5378
4,539
4,5377
4,5376
4,5375
4,5374
4,5373
4,521
4,5372
4,1279
4,5371
4,2208
4,5370
4,4866
4,5369
4,5368
4,5367
4,164
4,5366
4,5365
4,5364
4,5363
4,5362
4,5361
4,5360
4,5359
4,3667
4,3664
4,5358
4,2209
4,5357
4,5356
4,5355
4,5354
4,5353
4,5352
4,5351
4,2978
4,5350
4,5349
4,5348
4,5347
4,5346
4,5345
4,5344
4,1468
4,1466
4,5343
4,5342
4,5341
4,2203
4,5340
4,4551
4,5339
4,5338
4,567
4,5337
4,5336
4,5335
4,5334
4,3164
4,5333
4,3165
4,3157
4,5332
4,2195
4,2593
4,5331
4,5330
4,457
4,5329
4,5328
4,5327
4,5326
4,5325
4,5324
4,5323
4,5322
4,5321
4,5320
4,5319
4,5318
4,5317
4,5316
4,2913
4,2881
4,5315
4,4109
4,5314
4,5313
4,5312
4,2021
4,1989
4,5311
4,5310
4,5309
4,5308
4294967279,333
4,5307
4,5306
4,2595
4,5305
4,5304
4,5303
4,5302
4,5301
4,5300
4,538
4,5299
4,5298
4,2594
4,5297
4,5296
4,5295
4,1004
4,5294
4,5293
4,5292
4,5291
4,4091
4,5290
4,5289
4,5288
4,5287
4,141
4,139
4,5286
4,5285
4,5284
4,5283
4,5282
4,5281
4,5280
4,5279
4,5278
4,5277
4,5276
4,4090
4,5275
4,2977
4,5274
4,2399
4,5273
4,5272
4,5271
4,5270
4,2882
4,5269
4,5268
4,566
4,2529
4,2465
4,5267
4,2020
4,2666
4,4086
4,5266
4,5265
4,5264
4,1467
4,1297
4,5263
4,5262
4,5261
4,5260
4,4550
4,2196
4,5259
4,3163
4,5258
4,5257
4,2592
4,5256
4,3347
4,5255
4,5254
4,5253
4,5252
4,5251
4,5250
4,2758
4,5249
4,145
4,5248
4,4108
4,5247
4,5246
4,5245
4,2177
4,5244
4,5243
4,2665
4,5242
4,5241
4,5240
4,5239
4,5238
4294967279,332
4,5237
4,2787
4,2767
4,5236
4,562
4,5235
4,5234
4,5233
4,5232
4,5231
4,5230
4,5229
4,5228
4,1843
4,1818
4,5227
4,5226
4,5225
4,5224
4,5223
4,5222
4,5221
4,1463
4,5220
4,5219
4,5218
4,5217
4,5216
4,5215
4,5214
4,5213
4,5212
4,5211
4,1465
4,2786
4,1652
4,5210
4,5209
4,2179
4,559
4,5208
4,1458
4,5207
4,1879
4,5206
4,3660
4,5205
4,3665
4,3653
4,5204
4,5203
4,5202
4,2186
4,5201
4,5200
4,3345
4,2975
4,5199
4,5198
4,1842
4,5197
4,1841
4,1833
4,5196
4,5195
4,5194
4,2976
4,5193
4,5192
4,2950
4,5191
4,5190
4,5189
4,4737
4,5188
4,5187
4,2181
4,4080
4,5186
4,4079
4,3162
4,5185
4,4078
4,5184
4,2590
4,5183
4,5182
4,5181
4,4549
4,5180
4,5179
4,4107
4,4077
4,5178
4,5177
4,5176
4,5175
4,5174
4,5173
4,5172
4,5171
4,5170
4,5169
4,3662
4,3237
4,5168
4,5167
4,5166
4294967279,331
4,5165
4,4076
4294967279,330
4294967279,329
4,5164
4,5163
4,5162
4,5161
4,1830
4,5160
4,5159
4,5158
4,2584
4,5157
4,4075
4,5156
4,5155
4,5154
4,5153
4,1835
4,5152
4,5151
4,3661
4,5150
4,5149
4,5148
4,3498
4,5147
4,5146
4,1265
4,5145
4,2019
4,1996
4,5144
4,5143
4,5142
4,5141
4,5140
4,5139
4,5138
4,5137
4,5136
4,4073
4,5135
4,5134
4,2188
4,5133
4,5132
4,5131
4,2638
4,5130
4,5129
4,5128
4,5127
4,5126
4,5125
4,5124
4,5123
4,4071
4,5122
4,2974
4,5121
4,5120
4,5119
4,5118
4,2663
4,5117
4,1827
4,5116
4,5115
4,5114
4,5113
4,5112
4,3161
4,1431
4,5111
4,2589
4,5110
4,4106
4,5109
4,5108
4,5107
4,5106
4,5105
4,5104
4,5103
4,5102
4,5101
4,4548
4,5100
4,5099
4,5098
4,2662
4,5097
4,1015
4,4070
4,5096
4,5095
4,5094
4294967279,328
4,5093
4,5092
4,5091
4,5090
4,5089
4,5088
4,5087
4,5086
4,5085
4,1460
4,5084
4,5083
4,5082
4,5081
4,5080
4,5079
4,558
4,5078
4,5077
4,2192
4,2637
4,5076
4,5075
4,5074
4,5073
4,5072
4,5071
4,4067
4,5070
4,3344
4,5069
4,5068
4,5067
4,2182
4,5066
4,5065
4,5064
4,5063
4,5062
4,5061
4,5060
4,5059
4,5058
4,5057
4,5056
4,5055
4,5054
4,5053
4,5052
4,5051
4,5050
4,5049
4,5048
4,5047
4,5046
4,5045
4,2660
4,5044
4,5043
4,5042
4,5041
4,5040
4,3160
4,5039
4,1644
4,2588
4,5038
4,5037
4,4105
4,5036
4,2972
4,5035
4,4066
4,5034
4,5033
4,5032
4,5031
4,5030
4,5029
4,5028
4,5027
4,5026
4,4065
4,5025
4,2018
4,5024
4,5023
4,2659
4,1994
4,1916
4,5022
4,5021
4,5020
4,5019
4,5018
4294967279,327
4,5017
4,5016
4,1837
4,2017
4,1992
4,5015
4,4547
4,1816
4,5014
4,4064
4,5013
4,5012
4,5011
4,5010
4,5009
4,1836
4,5008
4,5007
4,1821
4,5006
4,5005
4,5004
4,5003
4,5002
4,4736
4,5001
4,5000
4,4999
4,4998
4,4997
4,4996
4,4995
4,2973
4,4994
4,4993
4,4992
4,1462
4,4991
4,1451
4,4990
4,4989
4,4988
4,4987
4,4986
4,4985
4,4984
4,4983
4,3460
4,4982
4,4981
4,4980
4,4979
4,4978
4,4977
4,4976
4,4975
4,4974
4,1623
4,4973
4,4972
4,4971
4,3159
4,4970
4,4969
4,2587
4,4968
4,4967
4,4966
4,4104
4,4965
4,2016
4,4964
4,4963
4,4962
4,191
4,4961
4,4960
4,4959
4,4958
4,4957
4,4061
4,4956
4,2970
4,3346
4,2276
4,4955
4,4954
4,4060
4,4953
4,4952
4,4951
4,4950
4,36
4,4949
4,4948
4,4947
4,2528
4,2464
4,3659
4,4946
4,4059
4,4945
4,4944
4294967279,326
4,4943
4,4942
4,4941
4,4940
4,4058
4,4939
4,4938
4,4937
4,4936
4,4935
4,4934
4,2971
4,4933
4,4546
4,4932
4,2496
4,2432
4,4931
4,4930
4,4055
4,4929
4,4928
4,4863
4,4862
4,4861
4,2398
4,4860
4,4859
4,2015
4,4858
4,1878
4,4857
4,4856
4,4855
4,3235
4,1278
4,4854
4,4054
4,4853
4,4852
4,4851
4,555
4,4850
4,3341
4,4849
4,4848
4,4847
4,4846
4,3658
4,2397
4,4845
4,973
4,4844
4,4843
4,4842
4,4841
4,4032
4,4840
4,4839
4,4838
4,4837
4,3158
4,4836
4,2586
4,4835
4,4834
4,4833
4,3512
4,2526
4,2462
4,997
4,4832
4,4831
4,4103
4,4830
4,150
4,1826
4,4829
4,4828
4,4827
4,4052
4,2176
4,4826
4,4825
4,3657
4,4824
4,4823
4,4822
4,4821
4,4820
4,4819
4,4818
4,4817
4,4816
4294967279,325
4,4815
4294967279,324
4,2967
4,4814
4,4813
4,4812
4,4811
4,4810
4,4809
4,2656
4,4808
4,3343
4,4807
4294967279,323
4,4806
4,2243
4,4805
4,2013
4,4050
4,4804
4,4803
4,4802
4,4049
4,4801
4,4800
4,4735
4,4734
4,2252
4,4733
4,4732
4,1655
4,4731
4,4730
4,4729
4,4728
4,1270
4,4727
4,4726
4,4725
4,1260
4,4724
4,4545
4,4723
4,4722
4,553
4,4721
4,4720
4,4719
4,4718
4,448
4,4717
4,4716
4,2959
4,1903
4,4715
4,4714
4,4713
4,1435
4,4712
4,4711
4,4710
4,4709
4,4708
4,4707
4,4706
4,4705
4,4704
4,3156
4,4703
4,829
4,4702
4,2585
4,4701
4,4700
4,4699
4,1456
4,4698
4,4102
4,4697
4,4696
4,4047
4,4695
4,1834
4,1798
4,4694
4,4693
4,4692
4,4691
4,4690
4,4689
4,4688
4,4687
4,4686
4,4685
4,4684
4,4683
4,4682
4,4681
4,2247
4,4680
4,4679
4,4678
4,4677
4,4676
4,4675
4,4674
4,4673
4,3149
4,2966
4,4672
4294967279,322
4,4671
4,4670
4,1455
4,4669
4,4668
4,4667
4,569
4,4666
4,1822
4,4665
4,4664
4,4663
4,4662
4,4661
4,4660
4,4659
4,4658
4,4657
4,4656
4,4655
4,550
4,4654
4,1275
4,4653
4,4652
4,4651
4,4650
4,4649
4,4648
4,4647
4,4646
4,4544
4,4645
4,4644
4,4043
4,2654
4,4643
4,4642
4,4641
4,4640
4,4639
4,4638
4,4637
4,4636
4,1832
4,3155
4,4635
4,2583
4,4634
4,1806
4,4633
4,4632
4,2012
4,4631
4,4630
4,4101
4,4629
4,4628
4,4627
4,4626
4,1831
4,4625
4,4624
4,4623
4,4622
4,4621
4,1889
4,4620
4,1911
4,805
4,4619
4,4618
4,4617
4,4616
4,4615
4,2653
4,4614
4,2246
4,4613
4,4612
4,4611
4,4610
4,4609
4,4608
4,2575
4,4543
4,4542
4,4042
4,4541
4,4540
4,4539
4,2652
4,2965
4294967279,321
4,3655
4,4538
4,4041
4,2180
4,4537
4,4536
4,4535
4,4534
4,4533
4,4532
4,4531
4,1990
4,4040
4,4530
4,4529
4,4528
4,4527
4,4526
4,4525
4,4039
4,1650
4,4524
4,1829
4,1820
4,2651
4,4523
4,4522
4,4521
4,4520
4,4519
4,4518
4,4517
4,4516
4,4515
4,2650
4,4514
4,4513
4,4512
4,4511
4,4510
4,4509
4,4508
4,1819
4,4507
4,2906
4,4506
4,1893
4,1444
4,4505
4,3153
4,4504
4,4038
4,2300
4,4503
4,2781
4,4502
4,4501
4,4500
4,1991
4,4100
4,1443
